Pos	A	C	G	T
1	0.291294642857138	0.254464285714288	0.371651785714288	0.0825892857142855
2	0.351562499999999	0.0658482142857137	0.247767857142859	0.334821428571429
3	0.34375	0.033482142857143	0.609375	0.013392857142857
4	0.2734375	0.16517857142857	0.375	0.18638392857143
5	0.0	0.18861607142857	0.5078125	0.30357142857143
6	0.0435267857142862	0.821428571428573	0.0	0.135044642857141
7	0.854910714285713	0.0234375000000001	0.0926339285714294	0.0290178571428571
8	0.16964285714286	0.18191964285714	0.594866071428571	0.0535714285714291
9	0.010044642857143	0.600446428571428	0.0390624999999999	0.350446428571429
10	0.194196428571429	0.467633928571429	0.328124999999999	0.010044642857143
11	0.604910714285713	0.00892857142857145	0.383928571428572	0.00223214285714291
12	0.599330357142864	0.0189732142857141	0.206473214285711	0.175223214285711
13	0.0	0.239955357142859	0.757812499999998	0.00223214285714289
14	0.00334821428571431	0.838169642857141	0.018973214285714	0.13950892857143
15	0.353794642857142	0.0189732142857141	0.602678571428573	0.0245535714285711
16	0.17075892857143	0.045758928571429	0.17299107142857	0.610491071428571
17	0.251116071428571	0.00669642857142862	0.735491071428572	0.00669642857142862
18	0.655133928571427	0.0368303571428569	0.247767857142859	0.0602678571428568
19	0.16964285714286	0.74441964285714	0.027901785714286	0.058035714285714
