Pos	A	C	G	T
1	0.53695255474453	0.17278740875912	0.11211222627737	0.17814781021898
2	0.13537864963504	0.11256843065693	0.52235401459854	0.22969890510949
3	0.404653284671531	0.257299270072991	0.247262773722631	0.0907846715328473
4	0.137203467153281	0.339073905109492	0.453695255474453	0.0700273722627744
5	0.20825729927007	0.26733576642336	0.03569799270073	0.48870894160584
6	0.0218978102189779	0.0951186131386856	0.546076642335768	0.336906934306569
7	0.0270301094890511	0.842153284671533	0.0548585766423362	0.0759580291970802
8	0.0018248175182482	0.11325273722628	0.0276003649635039	0.857322080291968
9	0.025319343065693	0.11610401459854	0.81900091240876	0.039575729927007
10	0.975707116788321	0.00022810218978102	0.017107664233577	0.00695711678832121
11	0.000570255474452548	0.00593065693430658	0.000912408759124087	0.992586678832117
12	0.0011405109489051	0.00057025547445255	0.00057025547445255	0.99771897810219
13	0.00330748175182479	0.0011405109489051	0.994525547445256	0.0010264598540146
14	0.0013686131386861	0.00798357664233577	0.990305656934306	0.000342153284671529
15	0.042997262773723	0.3053147810219	0.0017107664233577	0.649977189781019
16	0.0524635036496353	0.449703467153282	0.213617700729931	0.284215328467151
17	0.17529653284672	0.476277372262769	0.253991788321169	0.0944343065693427
18	0.48597171532847	0.12956204379562	0.30873631386861	0.0757299270072991
