Pos	A	C	G	T
1	0.1649570610687	0.35609494274809	0.23699904580153	0.24194895038168
2	0.10323234732824	0.0429389312977101	0.0540911259541981	0.799737595419852
3	0.0499165076335882	0.00304150763358781	0.942867366412213	0.00417461832061071
4	0.362297232824429	0.11009064885496	0.499165076335879	0.0284470419847329
5	0.657562022900759	0.26389551526718	0.01962070610687	0.0589217557251909
6	0.00697757633587793	0.986104484732824	0.00399570610687022	0.00292223282442751
7	0.001550572519084	0.0972089694656487	0.0	0.901240458015267
8	0.0106154580152671	0.157263835877861	0.0218869274809162	0.810233778625956
9	0.0	0.010317270992366	0.024272423664122	0.965410305343512
10	0.0515267175572522	0.00208730916030531	0.938752385496183	0.00763358778625952
11	0.3142891221374	0.22334208015267	0.31846374045802	0.14390505725191
12	0.364921278625952	0.337130248091602	0.0991173664122146	0.198831106870231
13	0.068940839694656	0.80456822519084	0.020992366412214	0.10549856870229
14	0.11152194656489	0.387523854961829	0.0247495229007629	0.476204675572518
15	0.12344942748092	0.38466125954198	0.17897185114504	0.31291746183206
