Pos	A	C	G	T
1	0.177532597793378	0.287863590772317	0.207622868605818	0.326980942828487
2	0.24749498997996	0.19238476953908	0.33466933867735	0.22545090180361
3	0.520520520520519	0.0840840840840838	0.0980980980980978	0.297297297297299
4	0.527054108216431	0.0761523046092182	0.12925851703407	0.267535070140281
5	0.365365365365369	0.0730730730730728	0.15015015015015	0.411411411411409
6	0.11923847695391	0.14629258517034	0.13326653306613	0.60120240480962
7	0.14629258517034	0.0040080160320641	0.84869739478958	0.001002004008016
8	0.00702106318956868	0.00300902708124369	0.0	0.989969909729188
9	0.961885656970913	0.0371113340020061	0.0	0.0010030090270812
10	0.978957915831664	0.011022044088176	0.001002004008016	0.00901803607214433
11	0.991983967935872	0.001002004008016	0.0020040080160321	0.00501002004008021
12	0.001002004008016	0.92685370741483	0.001002004008016	0.071142284569138
13	0.991983967935872	0.001002004008016	0.00300601202404811	0.00400801603206411
14	0.875751503006012	0.0390781563126251	0.016032064128257	0.0691382765531061
15	0.672344689378761	0.0490981963927861	0.0701402805611221	0.20841683366733
16	0.248496993987978	0.191382765531058	0.407815631262526	0.152304609218438
17	0.374749498997996	0.158316633266528	0.296593186372747	0.170340681362728
18	0.28456913827655	0.18436873747495	0.33066132264529	0.20040080160321
19	0.205410821643288	0.116232464929859	0.452905811623245	0.225450901803608
20	0.421843687374746	0.192384769539078	0.248496993987978	0.137274549098199
