Pos	A	C	G	T
1	0.277833500501502	0.250752256770311	0.387161484453362	0.0842527582748245
2	0.3376753507014	0.19138276553106	0.14729458917836	0.32364729458918
3	0.25325325325325	0.345345345345351	0.0880880880880882	0.313313313313311
4	0.160320641282568	0.200400801603208	0.154308617234468	0.484969939879755
5	0.546092184368735	0.139278557114229	0.154308617234468	0.160320641282568
6	0.11523046092184	0.0981963927855712	0.702404809619241	0.0841683366733472
7	0.287575150300603	0.198396793587172	0.266533066132263	0.247494989979962
8	0.332665330661322	0.110220440881761	0.0270541082164332	0.530060120240484
9	0.908817635270541	0.00701402805611221	0.025050100200401	0.059118236472946
10	0.012036108324975	0.00702106318956868	0.0230692076228689	0.957873620862587
11	0.981981981981982	0.002002002002002	0.00400400400400401	0.012012012012012
12	0.0380761523046092	0.001002004008016	0.00501002004008022	0.955911823647295
13	0.971943887775551	0.0020040080160321	0.0060120240480962	0.020040080160321
14	0.0440881763527051	0.00400801603206411	0.00300601202404811	0.948897795591183
15	0.884769539078156	0.01002004008016	0.0240480961923849	0.0811623246492987
16	0.186186186186189	0.0620620620620616	0.0940940940940934	0.657657657657656
17	0.26452905811623	0.12224448897796	0.12925851703407	0.48396793587174
18	0.137274549098199	0.380761523046086	0.369739478957916	0.112224448897799
19	0.26626626626627	0.22822822822823	0.38438438438438	0.12112112112112
20	0.35035035035035	0.17617617617618	0.17217217217217	0.3013013013013
21	0.248746238716148	0.193580742226678	0.270812437311937	0.286860581745237
