Pos	A	C	G	T
1	0.158994032395569	0.0601023017902808	0.731457800511507	0.0494458653026428
2	0.0264279624893439	0.0784313725490197	0.135123614663259	0.760017050298377
3	0.0818414322250641	0.31372549019608	0.027280477408355	0.577152600170501
4	0.18371696504689	0.13512361466326	0.38789428815004	0.29326513213981
5	0.014492753623188	0.825234441602731	0.051577152600171	0.10869565217391
6	0.00042625745950554	0.921568627450981	0.0029838022165388	0.0750213128729751
7	0.667945439045182	0.184143222506391	0.0174765558397271	0.1304347826087
8	0.069906223358909	0.09462915601023	0.040068201193521	0.79539641943734
9	0.24765558397272	0.0	0.75234441602728	0.0
10	0.0822676896845692	0.0021312872975277	0.914748508098892	0.000852514919011082
11	0.0912190963341856	0.823529411764707	0.0	0.0852514919011077
12	0.893009377664109	0.0034100596760443	0.0724637681159419	0.031116794543905
13	0.985507246376812	0.0	0.011935208866155	0.0025575447570332
14	0.0	0.977834612105712	0.0	0.022165387894288
15	0.32395566922421	0.33418584825234	0.22975277067349	0.11210571184996
16	0.25063938618926	0.17178175618073	0.502131287297529	0.0754475703324809
17	0.173060528559252	0.354219948849104	0.312446717817563	0.160272804774082
18	0.24936061381074	0.26854219948849	0.32438192668372	0.15771526001705
19	0.264279624893437	0.284739982949697	0.289002557544757	0.161977834612108
