Pos	A	C	G	T
1	0.291666666666667	0.25	0.125	0.333333333333333
2	0.166666666666667	0.433333333333333	0.166666666666667	0.233333333333333
3	0.2	0.2	0.3	0.3
4	0.0625	0.125	0.125	0.6875
5	0.21875	0.03125	0.75	0.0
6	0.5625	0.1875	0.1875	0.0625
7	0.375	0.5	0.03125	0.09375
8	0.03125	0.875	0.0	0.09375
9	0.03125	0.15625	0.0	0.8125
10	0.0	0.09375	0.0	0.90625
11	0.03125	0.09375	0.03125	0.84375
12	0.21875	0.03125	0.71875	0.03125
13	0.34375	0.3125	0.25	0.09375
14	0.25	0.53125	0.0625	0.15625
15	0.03125	0.90625	0.0	0.0625
16	0.09375	0.4375	0.09375	0.375
17	0.193548387096774	0.225806451612903	0.193548387096774	0.387096774193548
18	0.185185185185185	0.259259259259259	0.333333333333333	0.222222222222222
19	0.25	0.166666666666667	0.166666666666667	0.416666666666667
