Pos	A	C	G	T
1	0.272727272727273	0.136363636363636	0.0454545454545455	0.545454545454545
2	0.153846153846154	0.423076923076923	0.269230769230769	0.153846153846154
3	0.222222222222222	0.148148148148148	0.296296296296296	0.333333333333333
4	0.354838709677419	0.129032258064516	0.0967741935483871	0.419354838709677
5	0.277777777777778	0.138888888888889	0.138888888888889	0.444444444444444
6	0.315789473684211	0.105263157894737	0.236842105263158	0.342105263157895
7	0.428571428571429	0.142857142857143	0.166666666666667	0.261904761904762
8	0.674418604651163	0.0697674418604651	0.0232558139534884	0.232558139534884
9	0.0	0.0425531914893617	0.0212765957446809	0.936170212765957
10	0.276595744680851	0.0851063829787234	0.0	0.638297872340426
11	0.170212765957447	0.0	0.0638297872340425	0.765957446808511
12	0.212765957446809	0.0851063829787234	0.574468085106383	0.127659574468085
13	0.191489361702128	0.723404255319149	0.0212765957446809	0.0638297872340425
14	0.829787234042553	0.0851063829787234	0.0851063829787234	0.0
15	0.0212765957446809	0.0425531914893617	0.0638297872340425	0.872340425531915
16	0.5	0.0869565217391304	0.152173913043478	0.260869565217391
17	0.380952380952381	0.19047619047619	0.142857142857143	0.285714285714286
18	0.275	0.175	0.175	0.375
19	0.212121212121212	0.363636363636364	0.0606060606060606	0.363636363636364
20	0.419354838709677	0.193548387096774	0.193548387096774	0.193548387096774
21	0.24	0.24	0.04	0.48
22	0.333333333333333	0.0952380952380952	0.285714285714286	0.285714285714286
23	0.3	0.3	0.1	0.3
