Pos	A	C	G	T
1	0.321428571428571	0.107142857142857	0.428571428571429	0.142857142857143
2	0.1875	0.125	0.25	0.4375
3	0.0930232558139535	0.209302325581395	0.395348837209302	0.302325581395349
4	0.543478260869565	0.434782608695652	0.0	0.0217391304347826
5	0.804347826086957	0.0652173913043478	0.0869565217391304	0.0434782608695652
6	0.148936170212766	0.319148936170213	0.234042553191489	0.297872340425532
7	0.0	0.127659574468085	0.0212765957446809	0.851063829787234
8	0.0681818181818182	0.590909090909091	0.295454545454545	0.0454545454545455
9	0.893617021276596	0.0	0.0851063829787234	0.0212765957446809
10	0.446808510638298	0.0212765957446809	0.0425531914893617	0.48936170212766
11	0.0434782608695652	0.152173913043478	0.782608695652174	0.0217391304347826
12	0.0425531914893617	0.936170212765957	0.0	0.0212765957446809
13	0.106382978723404	0.0	0.829787234042553	0.0638297872340425
14	0.0212765957446809	0.0212765957446809	0.106382978723404	0.851063829787234
15	0.297872340425532	0.0212765957446809	0.617021276595745	0.0638297872340425
16	0.936170212765957	0.0212765957446809	0.0	0.0425531914893617
17	0.808510638297872	0.0851063829787234	0.0425531914893617	0.0638297872340425
18	0.340425531914894	0.191489361702128	0.297872340425532	0.170212765957447
19	0.382978723404255	0.212765957446809	0.191489361702128	0.212765957446809
20	0.232558139534884	0.0697674418604651	0.209302325581395	0.488372093023256
21	0.263157894736842	0.157894736842105	0.184210526315789	0.394736842105263
