Pos	A	C	G	T
1	0.088	0.066	0.637	0.209
2	0.062	0.064	0.851	0.023
3	0.03	0.113	0.052	0.805
4	0.239	0.048	0.062	0.651
5	0.2002002002002	0.127127127127127	0.624624624624625	0.048048048048048
6	0.00700700700700701	0.752752752752753	0.012012012012012	0.228228228228228
7	0.038	0.702	0.054	0.206
8	0.646	0.055	0.207	0.092
9	0.027	0.19	0.06	0.723
10	0.223	0.029	0.718	0.03
11	0.215	0.199	0.535	0.051
12	0.084	0.66	0.022	0.234
13	0.616616616616617	0.109109109109109	0.24024024024024	0.034034034034034
14	0.871	0.013	0.102	0.014
15	0.083	0.749	0.109	0.059
16	0.078	0.181	0.694	0.047
