Pos	A	C	G	T
1	0.240121925180446	0.196861307202216	0.220815522674998	0.342201244942341
2	0.27788978561876	0.146178564662274	0.267803640364372	0.308128009354595
3	0.341838679688146	0.174534149054075	0.219739344783967	0.263887826473813
4	0.571702352444468	0.146029966902683	0.143912037443953	0.138355643208896
5	0.495697883755598	0.110595744047045	0.176615096076876	0.217091276120481
6	0.379266465646157	0.157960163280845	0.126668566133043	0.336104804939955
7	0.179550630372988	0.0047482584139702	0.813593372603006	0.0021077386100361
8	0.0145578131069202	0.00426036869584173	0.000952158091538278	0.9802296601057
9	0.950366963839093	0.0473081395453621	0.000771336850404025	0.00155355976514078
10	0.979677961506914	0.0113901807870673	0.000975914147688753	0.00795594355833005
11	0.986667060081018	0.00101633793628026	0.00269141667711859	0.00962518530558283
12	0.00176720948869957	0.797832865767059	0.00129659449881382	0.199103330245428
13	0.989636268082228	0.00124923833891627	0.00366704289097886	0.00544745068787693
14	0.823954261377046	0.0696612548017198	0.0325002813879173	0.0738842024333174
15	0.684171719051576	0.0251104196444049	0.106579802317573	0.184138058986446
16	0.212490528736886	0.210951776741583	0.446148155718176	0.130409538803355
17	0.353169225489198	0.173423205214515	0.321436175082721	0.151971394213566
18	0.208010749755249	0.239547406327866	0.274318394654235	0.27812344926265
19	0.315164299376487	0.0716398328977695	0.432441571635246	0.180754296090497
20	0.338566453110601	0.263541492588067	0.274441593400699	0.123450460900633
