Pos	A	C	G	T
1	0.21033210332103	0.40221402214022	0.12915129151292	0.25830258302583
2	0.43450479233227	0.30990415335463	0.14696485623003	0.10862619808307
3	0.92192192192192	0.009009009009009	0.048048048048048	0.021021021021021
4	0.94894894894895	0.003003003003003	0.015015015015015	0.033033033033033
5	0.81681681681682	0.003003003003003	0.16816816816817	0.012012012012012
6	0.6006006006006	0.009009009009009	0.009009009009009	0.38138138138138
7	0.006006006006006	0.009009009009009	0.97597597597598	0.009009009009009
8	0.76276276276276	0.13213213213213	0.072072072072072	0.033033033033033
9	0.12312312312312	0.045045045045045	0.75975975975976	0.072072072072072
10	0.027027027027027	0.93393393393393	0.012012012012012	0.027027027027027
11	0.996996996997	0.0	0.003003003003003	0.0
12	0.78678678678679	0.0	0.10510510510511	0.10810810810811
13	0.069069069069069	0.62162162162162	0.006006006006006	0.3033033033033
14	0.21212121212121	0.44848484848485	0.21515151515152	0.12424242424242
15	0.38907849829352	0.27645051194539	0.28327645051195	0.051194539249147
