Pos	A	C	G	T
1	0.253053353331905	0.256053139061496	0.20891364902507	0.28197985858153
2	0.184423218221896	0.0900808229243203	0.0396767083027186	0.685819250551065
3	0.730817413091137	0.0361728781709991	0.116191669276542	0.116818039461322
4	0.958316221765914	0.0147843942505133	0.0190965092402464	0.00780287474332649
5	0.0996630608263877	0.260329845717326	0.0727079269374002	0.567299166518886
6	0.068954301512441	0.343795739144576	0.172223125711498	0.415026833631485
7	0.0808620372075889	0.334499907902008	0.0594953030023945	0.525142751888009
8	0.752499193808449	0.0559496936472106	0.142373427926475	0.0491776846178652
9	0.90621359223301	0.0320388349514563	0.0361165048543689	0.025631067961165
10	0.00126849894291755	0.0107822410147992	0.00126849894291755	0.986680761099366
11	0.147740345110929	0.0693508627773213	0.0159408381265407	0.76696795398521
12	0.769370260468183	0.0207715133531157	0.0834157599736235	0.126442466205077
13	0.313759108444063	0.215387912558937	0.257393913416202	0.213459065580797
