Pos	A	C	G	T
1	0.257012795275591	0.11306594488189	0.283218503937008	0.346702755905512
2	0.00173010380622837	0.183102652825836	0.00259515570934256	0.812572087658593
3	0.0166724557137895	0.00277874261896492	0.978812087530393	0.00173671413685307
4	0.959155888359428	0.0170183798502383	0.0204220558202859	0.00340367597004765
5	0.318149124910094	0.675617357947734	0.00287700791177176	0.00335650923040038
6	0.00422832980972516	0.992952783650458	0.00246652572233968	0.000352360817477097
7	0.00315457413249211	0.00736067297581493	0.00175254118471784	0.987732211706975
8	0.00386915230390433	0.00351741118536757	0.00140696447414703	0.991206472036581
9	0.0	0.0129506475323766	0.000700035001750087	0.986349317465873
10	0.0179310344827586	0.00586206896551724	0.971724137931035	0.00448275862068965
11	0.178204555605181	0.0428762840553819	0.629298794104511	0.149620366234926
12	0.970385674931129	0.0179063360881543	0.00482093663911846	0.0068870523415978
13	0.007703081232493	0.986694677871149	0.00175070028011204	0.0038515406162465
14	0.00352360817477097	0.552501761804087	0.00317124735729387	0.440803382663848
15	0.0459332943241662	0.52223522527794	0.129607957870099	0.302223522527794
