Pos	A	C	G	T
1	0.309525118170826	0.203281301527976	0.251071781906123	0.236121798395075
2	0.259693863530188	0.132375168320097	0.267965593998186	0.339965374151529
3	0.0139401946773802	0.166743063607194	0.0048804163183865	0.814436325397039
4	0.014186121919585	0.001215953307393	0.983246865542585	0.00135105923043666
5	0.106918994212157	0.00732486370950311	0.873892264463604	0.0118638776147362
6	0.994696845443114	0.00259690558198021	0.00169482259034498	0.00101142638456071
7	0.000575468595856626	0.997150060287186	0.00117834045818262	0.00109613065877453
8	0.000918819587071668	0.0145930169711383	0.00113501243108853	0.983353151010702
9	0.00183225312440178	0.00216041786310061	0.000902453031421774	0.995104875981076
10	0.000432596117449846	0.0150327150813821	0.000702968690856	0.983831720110312
11	0.0216417710316715	0.00147496580761082	0.975837378315321	0.00104588484539677
12	0.78050663863924	0.174513631196242	0.0263400613457455	0.0186396688187727
13	0.193120353301055	0.737151307659583	0.0049632315702044	0.0647651074691571
14	0.00123270784823997	0.996794959594576	0.00104095329406931	0.000931379263114642
15	0.00583279325988334	0.607474616547851	0.0115575718297688	0.375135018362497
16	0.0710379038412618	0.473649622657509	0.157572288645807	0.297740184855423
