Pos	A	C	G	T
1	0.0935337513388613	0.160181964786444	0.0449376000385111	0.701346683836184
2	0.0098384826754239	0.0131358488036995	0.0712954895784465	0.90573017894243
3	0.000239266647724724	1.49541654827952e-05	0.999656054193896	8.97249928967714e-05
4	0.0057998101340928	0.000459831494007357	0.990432538269847	0.00330782010205293
5	0.118343256751561	0.863420513939545	0.00915448320292611	0.00908174610596756
6	0.716547722844749	0.0793532900614633	0.0852197500565118	0.118879237037276
7	0.247219755311957	0.331826677093965	0.177060827379611	0.243892740214467
8	0.245359052198909	0.259718453644252	0.245762028853128	0.24916046530371
9	0.248348565124419	0.195911251549284	0.323504174554964	0.232236008771332
10	0.241837935469746	0.224747543854848	0.169918721436195	0.363495799239211
11	0.0137437064710467	0.0151539517795069	0.790875465442805	0.180226876306642
12	0.00443904891537603	0.986977154839422	0.000122625660645747	0.00846117058455652
13	0.000212779272795544	0.999511859315351	0.000137680705926529	0.000137680705926529
14	0.917437560584483	0.0628403202450904	0.00940630198298249	0.0103158171874439
15	0.476488042849599	0.0307918625996429	0.432456559458848	0.0602635350919104
