Pos	A	C	G	T
1	0.997381116471399	0.0	0.00206753962784287	0.000551343900758098
2	0.00373731980779498	0.000533902829684997	0.807972948923296	0.187755828439224
3	0.0147165697674419	0.0	0.971838662790698	0.0134447674418605
4	0.0	0.0301568154402895	0.0751909931644552	0.894652191395255
5	0.000554554276999861	0.922916955497019	0.00693192846249827	0.0695965617634826
6	0.947114017628661	0.00170599943133352	0.0462041512652829	0.00497583167472278
7	0.286484820465403	0.337340114039143	0.120203421174295	0.255971644321159
8	0.339862280030604	0.27513389441469	0.213925019127774	0.171078806426932
9	0.24469111969112	0.206563706563707	0.314993564993565	0.233751608751609
10	0.231756214915798	0.267842822774659	0.205292702485966	0.295108259823577
11	0.195358503636993	0.0990647731208867	0.265673709733287	0.439903013508833
12	0.00234695873264228	0.0653236847252102	0.00117347936632114	0.931155877175826
13	0.0571187868576243	0.00690817186183656	0.934962089300758	0.00101095197978096
14	0.907589461266221	0.0638353650543977	0.0235941801022414	0.00498099357713986
15	0.0094920472036942	0.982170343766034	0.000641354540790149	0.00769625448948179
16	0.125710051864658	0.8713262533959	0.000740923684860459	0.00222277105458138
17	0.0	0.00418994413407821	0.000997605746209098	0.994812450119713
