Pos	A	C	G	T
1	0.33572710951526	0.059245960502693	0.194793536804309	0.410233393177738
2	0.336664104534973	0.00614911606456572	0.637202152190623	0.0199846272098386
3	0.183219178082192	0.305650684931507	0.0950342465753425	0.416095890410959
4	0.000763941940412529	0.113063407181054	0.447669977081742	0.438502673796791
5	0.0505731625084289	0.834794335805799	0.00134861766689144	0.113283884018881
6	0.914930555555556	0.00607638888888889	0.0729166666666667	0.00607638888888889
7	0.140650406504065	0.228455284552846	0.357723577235772	0.273170731707317
8	0.0	0.178137651821862	0.0	0.821862348178138
9	0.00411039342337052	0.783323546682325	0.21080446271286	0.00176159718144451
10	0.938618925831202	0.0	0.0537084398976982	0.00767263427109974
11	0.394876325088339	0.00265017667844523	0.0574204946996466	0.545053003533569
12	0.0	0.0655629139072848	0.933774834437086	0.000662251655629139
13	0.000726216412490922	0.989832970225127	0.0	0.00944081336238199
14	0.0794788273615635	0.00130293159609121	0.919218241042345	0.0
15	0.0122044241037376	0.034324942791762	0.157131960335622	0.796338672768879
16	0.248669201520913	0.0159695817490494	0.704942965779468	0.0304182509505703
17	0.648988136775994	0.055129099790649	0.0195394277739009	0.276343335659456
18	0.765893792071803	0.0575916230366492	0.0762902019446522	0.100224382946896
19	0.522995283018868	0.20872641509434	0.097877358490566	0.170400943396226
