Pos	A	C	G	T
1	0.00656167979002625	0.0164041994750656	0.00196850393700787	0.9750656167979
2	0.0111392405063291	0.0131645569620253	0.973670886075949	0.0020253164556962
3	0.972484952708512	0.0111779879621668	0.00945829750644884	0.00687876182287188
4	0.0236008091706001	0.971004720161834	0.00472016183412003	0.000674308833445718
5	0.0027378507871321	0.995893223819302	0.0	0.00136892539356605
6	0.000708215297450425	0.190509915014164	0.0113314447592068	0.797450424929179
7	0.00504686373467916	0.250901225666907	0.0122566690699351	0.731795241528479
8	0.150395778364116	0.130606860158311	0.0778364116094987	0.641160949868074
9	0.33850303438975	0.105866486850978	0.456507080242751	0.0991233985165206
10	0.153581267217631	0.402203856749311	0.297520661157025	0.146694214876033
11	0.426265590608951	0.0616287600880411	0.291269258987528	0.220836390315481
12	0.00140845070422535	0.00774647887323944	0.0112676056338028	0.979577464788732
13	0.0103960396039604	0.00445544554455446	0.98019801980198	0.00495049504950495
14	0.971112999150382	0.0144435004248088	0.00934579439252336	0.00509770603228547
15	0.0465879265091864	0.952099737532808	0.00131233595800525	0.0
16	0.00134228187919463	0.998657718120805	0.0	0.0
17	0.0	0.219495091164095	0.0168302945301543	0.76367461430575
