Pos	A	C	G	T
1	0.112465591820684	0.355878883208809	0.349980338183248	0.181675186787259
2	0.0269726247987118	0.00483091787439614	0.957729468599034	0.0104669887278583
3	0.00399644760213144	0.00710479573712256	0.00932504440497336	0.979573712255773
4	0.019819043515726	0.042654028436019	0.00430848772081	0.933218440327445
5	0.327272727272727	0.0226345083487941	0.598515769944341	0.0515769944341373
6	0.0	0.933099824868652	0.0168126094570928	0.0500875656742557
7	0.00262725779967159	0.744170771756979	0.00361247947454844	0.249589490968801
8	0.928248222365869	0.00711053652230123	0.0180995475113122	0.0465416936005171
9	0.0775897647544366	0.0193974411886092	0.0173338836153529	0.885678910441601
10	0.254296737986671	0.00245527884952648	0.742897229042441	0.000350754121360926
11	0.0277331189710611	0.0152733118971061	0.955787781350482	0.00120578778135048
12	0.0522250827510114	0.616035307098198	0.0297903641044502	0.301949246046341
13	0.948281614948282	0.00333667000333667	0.0326993660326994	0.0156823490156823
14	0.982396750169262	0.00507786052809749	0.0111712931618145	0.001354096140826
15	0.00308430431802605	0.966072652501713	0.0	0.0308430431802605
16	0.186170212765957	0.300151975683891	0.408434650455927	0.105243161094225
