Pos	A	C	G	T
1	0.18853021978022	0.356885302197802	0.247853708791209	0.206730769230769
2	0.122698386833958	0.000923361034164358	0.86301667481397	0.0133615773179078
3	0.0284894445583111	0.0259616041538567	0.013868962219034	0.931679989068798
4	0.329752357895799	0.136430120542694	0.00610278912593938	0.527714732435568
5	0.308715998830067	0.0339280491371746	0.488081310324656	0.169274641708102
6	0.000273473108477666	0.849863263445761	0.001640838650866	0.148222424794895
7	8.0945442771572e-05	0.71523393232961	0.00364254492472074	0.281042577302898
8	0.789131763986548	0.0654234179150107	0.0715377560379089	0.073907062060532
9	0.0547984099943214	0.0377058489494605	0.0296990346394094	0.877796706416809
10	0.163528300838749	0.00377714825306893	0.832639004610343	5.5546297839249e-05
11	0.236090543685213	0.0295642056272477	0.728686270361752	0.00565898032578803
12	0.120666366501576	0.518415128320576	0.00882485366951823	0.35209365150833
13	0.563666266050984	0.00803339869694478	0.112910367512177	0.315389967739895
14	0.965236758012976	0.0140408637552048	0.0183015396533359	0.00242083857848359
15	0.00361366622864652	0.961892247043364	0.00120455540954884	0.0332895313184406
16	0.161004669135405	0.278538077604251	0.411286427306392	0.149170825953953
