Pos	A	C	G	T
1	0.207213930348259	0.289800995024876	0.24228855721393	0.260696517412935
2	0.172162948593598	0.10798577432913	0.0699967668929842	0.649854510184287
3	0.592483419307296	0.0582166543846721	0.201031687546057	0.148268238761975
4	0.943219145940873	0.011262318160488	0.0309713749413421	0.014547160957297
5	0.121492537313433	0.158358208955224	0.120149253731343	0.6
6	0.0855920114122682	0.276212553495007	0.197574893009986	0.440620542082739
7	0.072463768115942	0.256886823763691	0.225909945790464	0.444739462329904
8	0.684604904632153	0.1483310626703	0.102179836512262	0.0648841961852861
9	0.906221821460775	0.0408025247971145	0.0302073940486925	0.0227682596934175
10	0.00170815031722792	0.0151293313811615	0.00219619326500732	0.980966325036603
11	0.148758953856405	0.147093120106613	0.0344827586206897	0.669665167416292
12	0.627047262517548	0.0474184994540633	0.146155046014662	0.179379192013726
13	0.254663019149465	0.248943048992788	0.279283760258642	0.217110171599105
