Pos	A	C	G	T
1	0.0422718686901583	0.0555591741027812	0.0224711782713476	0.879697778935713
2	0.0137795275590551	0.0865545215938917	0.89650441422095	0.00316153662610356
3	0.869584693159276	0.0116465092468164	0.0363473475395149	0.082421450054393
4	0.0274101523439798	0.950414681489324	0.00723486853714487	0.0149402976295512
5	0.979240608049287	0.00616085180472778	0.0112502511216768	0.00334828902430858
6	0.0171263894606834	0.542033758748456	0.411527377521614	0.0293124742692466
7	0.131548373468526	0.794359949302915	0.00496408956485002	0.0691275876637093
8	0.00184678522571819	0.010875512995896	0.00198358413132695	0.985294117647059
9	0.0166419203167533	0.0290150952734472	0.949764909675823	0.00457807473397674
10	0.0584007769504694	0.0275817416639689	0.00511492392359987	0.908902557461962
11	0.00162802447650592	0.928928310784259	0.066636725986639	0.00280693875259642
12	0.928670041417395	0.00532509368220367	0.025639339951351	0.04036552494905
