Pos	A	C	G	T
1	0.00953475014359564	0.087421022400919	0.0127512923607122	0.890292935094773
2	0.118863049095607	0.101224581507696	0.768340635883609	0.0115717335130884
3	0.973705179282868	0.0225763612217795	0.00305444887118194	0.000664010624169987
4	0.118590419919814	0.877927832876134	0.000105507491031863	0.00337623971301962
5	0.00226586102719033	0.99665515753129	0.0	0.00107898144151921
6	0.000142247510668563	0.0960170697012802	0.000711237553342817	0.903129445234708
7	0.0320679731396464	0.0331643141016856	0.00137042620254899	0.933397286556119
8	0.000128915817970865	0.00670362253448498	0.0	0.993167461647544
9	0.0902804830541488	0.0607713283989092	0.847682119205298	0.00126606934164394
10	0.97759220598469	0.0196242171189979	0.00250521920668058	0.000278357689631176
11	0.146912867859204	0.845816503173687	0.000230813618003462	0.0070398153491056
12	0.00618686868686869	0.98459595959596	0.000757575757575758	0.00845959595959596
13	0.000182515057492243	0.633783537141814	0.00584048183975178	0.360193465960942
14	0.0617195220555206	0.558260713323152	0.088042404096667	0.291977360524661
