Pos	A	C	G	T
1	0.150506512301013	0.188133140376266	0.237337192474674	0.424023154848046
2	0.0868306801736614	0.199710564399421	0.133140376266281	0.580318379160637
3	0.199710564399421	0.118668596237337	0.616497829232995	0.065123010130246
4	0.585745296671491	0.2116497829233	0.111070911722142	0.091534008683068
5	0.130246020260492	0.655571635311143	0.0680173661360347	0.14616497829233
6	0.0665701881331404	0.75108538350217	0.0	0.182344428364689
7	0.134587554269175	0.278581765557163	0.0390738060781476	0.547756874095514
8	0.101302460202605	0.260492040520984	0.0940665701881332	0.544138929088278
9	0.0390738060781476	0.0	0.0520984081041968	0.908827785817656
10	0.0274963820549928	0.0578871201157742	0.914616497829233	0.0
11	0.573082489146165	0.208393632416787	0.124457308248915	0.0940665701881332
12	0.213458755426917	0.709840810419681	0.0130246020260492	0.0636758321273517
13	0.0882778581765557	0.793053545586107	0.0274963820549928	0.0911722141823444
14	0.167872648335745	0.264833574529667	0.0115774240231548	0.555716353111433
15	0.0879160636758321	0.292691751085383	0.213820549927641	0.405571635311143
