Pos	A	C	G	T
1	0.124200275352832	0.0794075963997744	0.682080093869696	0.114312034377697
2	0.130891642417211	0.036649659876819	0.0383948817757151	0.794063815930256
3	0.178591674749819	0.146015549089034	0.108203757731561	0.567189018429587
4	0.82373258821149	0.0130891642417211	0.113439423428249	0.04973882411854
5	0.78126822157557	0.0674805636387076	0.0	0.151251214785722
6	0.290139091335654	0.162158851653823	0.0562834062394005	0.491418650771123
7	0.0087261094944807	0.538975947516042	0.0401401036746112	0.412157839314866
8	0.822134151256112	0.0327229106043026	0.00654458212086053	0.138598356018725
9	0.0087261094944807	0.147177680569688	0.0471209912701958	0.796975218665636
10	0.0500283446497462	0.0139617751911691	0.0087261094944807	0.927283770664604
11	0.806863459640771	0.0174522189889614	0.175684321370268	0.0
12	0.769051668283297	0.0087261094944807	0.208260447031053	0.0139617751911691
13	0.157649011963065	0.638164075221916	0.0413022351552655	0.162884677659753
14	0.138162050544001	0.509307175234808	0.059627065093675	0.292903709127516
