Pos	A	C	G	T
1	0.0976107558262953	0.105674571090964	0.0625539800830039	0.734160692999736
2	0.0802719400144066	0.0234986106073448	0.851595216146681	0.0446342332315693
3	0.390859626379147	0.10856779195032	0.451712764989556	0.0488598166809716
4	0.554245325354399	0.351684623509285	0.0240994554166964	0.0699705957196155
5	0.0193901354113465	0.960606315545865	0.0124272946308577	0.00757625441193442
6	0.013216254848377	0.157820149060208	0.00236312560302485	0.826600470488392
7	0.00919820902323447	0.204290649049478	0.0243851258784732	0.762126016048814
8	0.0475633268153581	0.0166967813101652	0.0190615913178498	0.916678300556629
9	0.0713416826381713	0.024688825474439	0.84493750316101	0.0590319887263815
10	0.259520552895947	0.271364967379342	0.366539021533468	0.102575458191239
11	0.28609642447114	0.457858844653852	0.0600694546690151	0.195975276205989
12	0.0666328038985888	0.839520898233781	0.0286443657740668	0.0652019320935651
13	0.111795282656288	0.404843577982424	0.0677659158481071	0.415595223513177
