Pos	A	C	G	T
1	0.126212688066283	0.148035992891269	0.368711914746913	0.357039404295535
2	0.2134985697447	0.0281201388146823	0.569414184455127	0.18896710698549
3	0.139218957781389	0.0791947096609854	0.283087728932011	0.498498603625615
4	0.192345813362342	0.192275823469469	0.0600242481204034	0.555354115047786
5	0.750813350458539	0.0116725104513775	0.173245341714633	0.0642687973754498
6	0.871532395141973	0.041914923893583	0.0228144522458743	0.063738228718569
7	0.357227361109576	0.0579019734928802	0.0249367268733975	0.559933938524146
8	0.176764027877232	0.197846794366717	0.224375227210757	0.401013950545294
9	0.892224572760325	0.00848909851009276	0.00901966716697356	0.0902666615626089
10	0.112690524937349	0.0345569525901251	0.104662005191264	0.748090517281262
11	0.00424454925504638	0.00371398059816558	0.0169781970201855	0.975063273126603
12	0.891694004103444	0.0	0.0153864910495431	0.0929195048470129
13	0.892755141417205	0.0116725104513775	0.0886749555919665	0.00689739253945037
14	0.0297118447853247	0.868348983200689	0.00742796119633117	0.0945112108176553
15	0.140412737259371	0.483259429983344	0.0298444869495449	0.34648334580774
