Pos	A	C	G	T
1	0.100451467268623	0.357787810383747	0.369074492099323	0.172686230248307
2	0.103837471783296	0.0	0.279909706546275	0.616252821670429
3	0.0316027088036117	0.0316027088036117	0.776523702031603	0.160270880361174
4	0.0	0.984198645598194	0.0158013544018059	0.0
5	0.0925507900677201	0.0	0.0	0.90744920993228
6	0.0	0.0993227990970654	0.900677200902935	0.0
7	0.715575620767494	0.103837471783296	0.0158013544018059	0.164785553047404
8	0.148984198645598	0.593679458239278	0.137697516930023	0.119638826185102
9	0.0	0.381489841986456	0.363431151241535	0.255079006772009
10	0.325056433408578	0.45823927765237	0.036117381489842	0.18058690744921
11	0.167042889390519	0.376975169300226	0.117381489841986	0.338600451467269
12	0.036117381489842	0.153498871331828	0.670428893905192	0.139954853273138
13	0.0812641083521445	0.616252821670429	0.0677200902934537	0.234762979683973
14	0.663656884875846	0.0835214446952596	0.0812641083521445	0.171557562076749
15	0.246049661399549	0.144469525959368	0.507900677200903	0.101580135440181
16	0.0835214446952596	0.539503386004515	0.0677200902934537	0.309255079006772
17	0.252821670428894	0.397291196388262	0.0	0.349887133182844
18	0.148984198645598	0.133182844243792	0.103837471783296	0.613995485327314
19	0.0835214446952596	0.343115124153499	0.0812641083521445	0.492099322799097
20	0.112866817155756	0.650112866817156	0.0880361173814898	0.148984198645598
21	0.250564334085779	0.318284424379232	0.322799097065463	0.108352144469526
