Pos	A	C	G	T
1	0.275162692084772	0.253769363949472	0.378265531586994	0.0928024123787618
2	0.339572151200504	0.0673663380161048	0.298937167511876	0.294124343271515
3	0.300560441944452	0.0515091032259373	0.628712255279839	0.0192181995497719
4	0.264116044449459	0.173890052600845	0.344311951091102	0.217681951858594
5	0.0394094936304346	0.226281630284451	0.507447324200673	0.226861551884443
6	0.0749601577778177	0.767744595449832	0.0305655131565032	0.126729733615846
7	0.742404949756891	0.0964840533819568	0.0737835123991541	0.087327484461999
8	0.173444967305005	0.318311067000469	0.425034583750089	0.0832093819444385
9	0.00583829411875784	0.410401446293481	0.104123261208561	0.479636998379201
10	0.152670355387105	0.365370560624723	0.442639142200754	0.0393199417874178
11	0.641021776219859	0.00448477115665147	0.333251473439702	0.0212419791837871
12	0.531447514192379	0.0194576974385166	0.2521409822932	0.196953806075904
13	0.000405136279403535	0.218837427996675	0.780757435723922	0.0
14	0.0412259382516983	0.751405077937991	0.0620790317004371	0.145289952109873
15	0.335326098048859	0.0505931021981699	0.563428934510939	0.0506518652420329
16	0.116297058981832	0.0436713650104197	0.297360323743569	0.54267125226418
17	0.329207377660325	0.0463766853378107	0.624283369764556	0.000132567237308889
18	0.572935264803639	0.0596876924927508	0.297999862764136	0.0693771799394738
19	0.180887052336305	0.707750777504901	0.0897492490435315	0.0216129211152615
