Pos	A	C	G	T
1	0.154804380278311	0.199507630741832	0.479944002250132	0.165743986729726
2	0.0596576155262977	0.0520339284984724	0.324085936181778	0.564222519793447
3	0.0800473567371635	0.10962209862729	0.545843666161181	0.264486878474362
4	0.475221877689111	0.393567861490618	0.0991617698677288	0.0320484909525355
5	0.351056507479239	0.602241637725815	0.00919936472077424	0.0375024900741667
6	0.028076846217617	0.902586769872307	0.00543564984231948	0.06390073406777
7	0.0527575826630848	0.209736883483153	0.0894262725170626	0.648079261336699
8	0.103645553338393	0.214690173945873	0.123328960142743	0.55833531257299
9	0.00357413430130277	0.00797306882598311	0.0146459190033689	0.97380687786936
10	0.0443243630034474	0.163838523915695	0.740075309996667	0.0517618030841953
11	0.561922122910969	0.246052612842471	0.091004009252443	0.101021254994118
12	0.0317369849572836	0.88333040091539	0.00687333519481302	0.0780592789325258
13	0.0562765214033855	0.870672034080099	0.000412400111688781	0.0726390444048384
14	0.0364996653216357	0.353286736655286	0.0183540604073293	0.591859537615745
15	0.594801713769289	0.185566957346232	0.117379792757773	0.102251536126707
16	0.142299941296692	0.392582133181658	0.304241881861979	0.160876043659671
17	0.276197896688255	0.122511255472713	0.0903812709561702	0.510909576882859
18	0.143959726152441	0.139137613046961	0.195922539890623	0.520980120909973
