Pos	A	C	G	T
1	0.0504484304932735	0.323991031390135	0.341928251121076	0.283632286995516
2	0.0	0.0	0.0448430493273543	0.955156950672646
3	0.0	0.0672645739910314	0.847533632286996	0.0852017937219731
4	0.816143497757848	0.0	0.0	0.183856502242152
5	0.295964125560538	0.704035874439462	0.0	0.0
6	0.0	1.0	0.0	0.0
7	0.0358744394618834	0.125560538116592	0.0	0.838565022421525
8	0.0	0.390134529147982	0.246636771300448	0.363228699551569
9	0.10762331838565	0.269058295964126	0.130044843049327	0.493273542600897
10	0.161434977578475	0.291479820627803	0.31390134529148	0.233183856502242
11	0.0807174887892377	0.112107623318386	0.636771300448431	0.170403587443946
12	0.116591928251121	0.327354260089686	0.336322869955157	0.219730941704036
13	0.0448430493273543	0.300448430493274	0.125560538116592	0.52914798206278
14	0.147982062780269	0.197309417040359	0.542600896860986	0.112107623318386
15	0.484304932735426	0.20627802690583	0.0807174887892377	0.228699551569507
16	0.327354260089686	0.434977578475336	0.192825112107623	0.0448430493273543
17	0.188340807174888	0.771300448430493	0.0403587443946188	0.0
18	0.161434977578475	0.47085201793722	0.0403587443946188	0.327354260089686
19	0.165919282511211	0.47085201793722	0.152466367713004	0.210762331838565
20	0.174887892376682	0.515695067264574	0.103139013452915	0.20627802690583
