Pos	A	C	G	T
1	0.181287174608264	0.150295107344336	0.0766477854226548	0.591769932624745
2	0.196452689411712	0.115816915890357	0.527468257124166	0.160262137573767
3	0.472524189857435	0.358012567621754	0.111934273456702	0.057528969064113
4	0.105810354014462	0.70522204414747	0.0224639850925777	0.166503616745488
5	0.0287715808899116	0.837819185266496	0.0101396077182922	0.123269626125303
6	0.0518994645759221	0.204892085969308	0.074304072331972	0.668904377122795
7	0.0989188107037907	0.250282001175997	0.107184455545029	0.543614732575186
8	0.00441558483329572	0.0153806566586264	0.00212670498083935	0.978077053527248
9	0.0204495626747866	0.119664715321897	0.833694606342323	0.026191115660996
10	0.683360237755844	0.205475792268222	0.0564725232838208	0.0546914466921174
11	0.0916869617692474	0.853901979443479	0.00449624403179108	0.0499148147554865
12	0.021369092959676	0.935677770617824	0.00105890848340332	0.0418942279391042
13	0.0273098021896939	0.395609886265723	0.0131488106931077	0.563931500851478
