Pos	A	C	G	T
1	0.414286648506031	0.163015213710249	0.173858950926663	0.248839186857058
2	0.111862363332098	0.0954096403366208	0.10089236461801	0.69183563171328
3	0.147779895064336	0.208631309360792	0.0908812738842512	0.552707521690626
4	0.217403668211015	0.0546952936270818	0.0623711076210268	0.665529930540883
5	0.152424285173932	0.156278117700489	0.629881984871406	0.0614156122541797
6	0.171760557337363	0.63508488524959	0.130367126550701	0.0627874308623544
7	0.887598464542392	0.0449640267965295	0.0424911131807671	0.0249463954803214
8	0.153120432318467	0.0424911131807671	0.162709512121761	0.641678942379012
9	0.488002274867611	0.113913266017396	0.286359732658846	0.11172472645615
10	0.846879567681545	0.056076212537876	0.00356377078290305	0.0934804489976876
11	0.0208343522692794	0.786290914220883	0.105272856353984	0.0876018771558645
12	0.979165647730728	0.00657926913766717	0.0	0.0142550831316122
13	0.983551827155839	0.00548272428138931	0.0087723588502229	0.00219308971255572
14	0.462227783055942	0.00328963456883359	0.00548272428138931	0.52899985809384
15	0.253184700605131	0.0230274419818351	0.704050050000041	0.0197378074130015
16	0.136286364069562	0.114766102496195	0.670768946444794	0.0781785869894551
