Pos	A	C	G	T
1	0.181260290624827	0.450721609038873	0.209561542440835	0.158456557895464
2	0.285277609618059	0.36948612943136	0.187886944381478	0.157349316569103
3	0.0560685008443675	0.22466866666169	0.0200558564066713	0.699206976087264
4	0.0244817761237329	0.872139579805605	0.0783605505121023	0.0250180935585484
5	0.549545026884341	0.0110182106640534	0.149964409818225	0.289472352633377
6	0.0125552699372695	0.64675079948894	0.229675543265606	0.111018387308179
7	0.113137804438903	0.490635837930686	0.220591369806155	0.175634987824253
8	0.00232943143003244	0.940018237088468	0.00570710700357949	0.0519452244779074
9	0.0363615718580606	0.908992037793463	0.0331928750837733	0.0214535152646908
10	0.740552495705544	0.0612859399534997	0.0485441936782925	0.149617370662655
11	0.055136240978214	0.568715821171135	0.165129373898342	0.211018563952306
12	0.112789059753841	0.412020450931936	0.301953719451086	0.173236769863136
13	0.117871597195408	0.375035710482516	0.246756662660169	0.260336029661907
