Pos	A	C	G	T
1	0.184726088956226	0.423016164058787	0.152096381520406	0.240161365464581
2	0.0326297074358205	0.358926781794025	0.0507573226779429	0.557686188092211
3	0.0163148537179102	0.0326297074358205	0.722647486795526	0.228407952050743
4	0.146833683461192	0.0652594148716409	0.606630749245942	0.181276152421225
5	0.0163148537179102	0.557686188092211	0.0163148537179102	0.409684104471968
6	0.846675601184184	0.0277176382541775	0.0163148537179102	0.109291906843729
7	0.383545112390772	0.352259935776702	0.154903044988798	0.109291906843729
8	0.104379837662086	0.319630228340881	0.322963651349543	0.25302628264749
9	0.275597736368794	0.141921614279549	0.252792167296259	0.329688482055398
10	0.290333943913723	0.0994677684804427	0.2693411363654	0.340857151240435
11	0.163148537179102	0.163148537179102	0.673702925641795	0.0
12	0.228407952050743	0.624758364488065	0.0	0.146833683461192
13	0.0489445611537307	0.671890164117583	0.0	0.279165274728686
14	0.508741626938481	0.132331591267494	0.179463390897013	0.179463390897013
15	0.665399448762959	0.0163148537179102	0.17455132171537	0.143734375803761
16	0.0717501302262652	0.104379837662086	0.598795503069567	0.225074529042082
17	0.282527145932338	0.132536170125183	0.408368021845208	0.176568662097271
